1449
1666
1225
4723
4380
1075
4687
2896
3399
3555
3524
1585
4184
3020
4135
4253
2301
2022
3965
1516
517
4162
1057
742
3116
1780
4787
4316
228
1100
2189
1675
2764
182
3166
3913
1255
4621
3577
4652
3175
2100
3006
4127
1889
2140
3379
958
4160
2344
2472
1446
3274
3527
2186
3158
2076
1972
2473
2302
4840
4660
746
2603
4841
3910
1515
2864
3531
1861
4285
1705
3959
2290
832
847
4428
979
3572
358
3321
1044
1802
3363
1339
756
1520
3413
2726
3992
2484
2565
421
4997
1937
2030
676
220
4893
975
2079
4177
4448
2807
1466
2048
422
2662
3025
3993
3018
3115
1805
1588
1477
3142
2342
2996
3324
1837
3756
2576
1170
4175
2572
4874
2974
16
94
2866
990
3940
3811
437
3515
276
2483
3936
4705
507
4697
2723
390
1501
1079
1866
4641
3420
1630
2964
2025
385
2308
3193
1328
4878
3067
4300
4893
4928
2165
882
637
975
3086
4151
3018
2337
3086
2723
4611
2782
2214
5000
4281
3291
1865
691
3479
3493
424
2272
646
2730
465
1972
4377
300
3041
4269
1996
1974
1919
2631
4717
1773
1781
2734
4108
4865
2225
3718
4415
1207
3717
465
1267
2350
1155
1514
2611
3346
3785
3255
1075
1018
1996
451
1316
1805
1488
80
3777
175
2709
3493
1946
4489
2996
2822
1123
1989
1540
538
3195
2025
1001
4460
4374
3923
973
1984
2268
1526
2008
112
2542
4002
2330
626
806
587
704
1351
760
3412
4843
4474
4669
4607
2295
791
3364
603
1327
1558
2627
4096
2786
2000
4787
528
3982
2055
2052
989
3934
1363
1759
3032
3756
4332
3617
4459
683
1146
4639
2294
619
4307
1900
4681
97
2032
284
1423
3589
2909
2287
3143
4907
2073
439
3888
896
4259
1646
4828
621
173
2860
4375
4504
3245
603
186
4389
241
4247
7
4546
2915
4687
1412
4945
4969
4602
303
2877
1888
3445
4552
3959
3882
209
4854
4909
1853
1451
529
3794
1079
1673
3297
4323
4043
251
3711
4283
4496
487
598
2410
1942
2008
2354
1910
1609
2656
1555
3495
2869
2875
4223
1750
3082
846
3428
1704
2295
3955
497
143
2396
3792
4464
1439
4041
4943
2490
306
429
3086
2714
2369
1863
67
1047
3470
4490
4369
3734
2358
2243
4725
877
2094
570
4303
3796
4632
27
4291
4773
4191
4851
1006
629
661
949
4886
965
3145
2971
3677
514
1602
512
3328
1841
1771
4466
2343
4127
1708
2067
1772
3800
2635
1074
4364
4035
2869
424
3808
2059
274
4812
2686
2702
2529
4340
3665
674
2310
4110
2955
681
1391
1282
2520
3160
747
4861
4055
4223
3696
827
4791
3099
3668
4155
2133
1536
4577
2709
3593
1620
4290
3047
4320
1818
2386
2985
2490
1465
3863
444
2144
253
3494
1432
181
1009
3061
1005
231
1756
1830
1791
4853
2266
945
1985
3801
2290
4693
4162
3908
752
2209
3228
2568
1363
2981
1827
2826
1843
4038
1738
2095
2531
3168
4043
309
1228
47
538
4751
3644
4096
4603
910
40
1588
1479
2329
3049
640
3005
3799
4616
1232
3135
2748
4211
4960
2342
1054
3998
4079
4916
3297
4015
728
3604
2012
774
911
1762
4416
6
3134
2094
1814
1490
341
4141
4537
980
3914
105
2364
146
8
111
4355
4967
2452
2177
734
3299
3861
4029
4082
4588
2633
1093
361
312
4623
1545
316
2756
408
3897
4244
747
4806
550
3494
3720
2422
2627
3864
2428
4505
4987
2394
1956
2164
3126
2023
2793
3924
1105
2380
3325
3965
4508
3635
3587
2822
719
3111
3228
4615
2354
743
1190
4671
1006
4908
2092
3631
3771
4519
3135
528
3681
1860
4459
3576
3881
2251
2499
1754
4630
2592
719
907
2995
1074
3727
3712
954
3723
96
3306
4465
1285
4746
2239
1192
1837
869
1732
3124
772
2258
1805
2630
1716
2149
3280
735
1416
1802
364
4006
2519
1270
2000
362
1765
2480
1314
488
2575
1388
1721
628
1133
3958
3587
4738
1595
2087
2861
2365
4343
1434
1764
2827
3581
43
3561
4995
1843
693
4000
1131
3730
2768
3260
495
248
4572
981
4590
959
4469
217
3860
3426
572
3597
20
2658
3226
4152
2000
4659
915
1596
9
956
1925
1773
4567
2616
2541
2466
1346
309
725
3608
555
296
1357
144
3022
825
2128
1881
4249
2698
2246
1037
355
2241
188
4123
1899
1102
2487
3675
3825
4410
447
3391
3794
4756
2625
1908
64
3348
515
2386
3642
1870
4297
3433
2693
1424
313
3710
890
4327
1515
1244
1567
1702
366
234
4571
4620
3907
3395
4029
1123
3555
4591
2647
1179
1499
2709
1296
3781
1863
4936
651
1159
3368
112
4350
450
591
239
4775
2104
1481
3110
574
3614
3342
144
3233
4017
308
4030
1908
631
3621
4553
3577
1888
4030
4871
668
2661
1577
1317
3818
1713
3197
4936
2161
556
175
3704
2658
3423
3582
5000
3806
3692
1912
3807
2709
3987
2837
1385
1386
3226
2707
4962
113
3505
1602
779
1166
4946
3864
1752
1659
3829
1688
588
4383
1861
4291
3809
2052
2872
578
857
1564
2489
4663
1041
1475
4268
4193
2860
2493
3668
4590
4373
2173
2960
1920
107
4675
783
1857
1333
1380
3543
1919
762
2172
2978
1340
4223
850
1916
1848
4181
1173
1510
1990
2647
2546
1182
2275
1807
1619
3633
1179
3790
3361
3098
3895
3035
649
751
4366
2028
1063
3054
4557
3
1031
2665
4224
3648
1350
2841
2828
2521
4349
4816
167
3664
2767
4209
470
4384
4610
3417
4942
2971
3283
606
2774
700
3124
2140
4495
4185
1962
822
4187
2991
3485
180
1639
4833
3019
1235
2354
4137
2820
4288
2800
2355
267
38
1738
4875
223
3448
4614
3504
4052
2388
973
2175
1296
467
3129
3256
1287
2315
1246
1541
4262
4652
1373
